Name	SpecTemp	SpecMass	AstTemp	AstMass	Sigma	AstTempF	AstMassF	Freq
BPM30551	11260	0.75	11850	0.78	0.0722	11250	0.87	19
BPM37093		1.1	12600	0.99	2.5268			
EC0049-473								
EC11507-1519	12030	0.60	11450	1.00	0.0787	10850	1.00	20
EC13429-2342	10910	0.60	11750	0.61	0.0381	10650	0.65	20
EC14012-1446	11900	0.71	11400	0.95	0.7668			
EC23487-2424	11520	0.67	12000	0.69	0.2815	10700	0.81	6
G117-B15A	12200	0.59					
G132-12	12080	0.57	11150	0.99	0.0004	11900	0.91	29
G185-32								
G207-9	11910	0.77	11450	0.60	0.9304			
G225-2	11440	0.71	12050	0.85	0.0503	11850	0.76	15
G226-29								
G232-38	11350	0.61	10600	0.83	0.2964	11700	0.79	13
G238-53	11820	0.62	11500	0.94	0.0002	10750	0.87	27
G29-38	11820	0.69	12250	0.79	0.1733	10600	0.56	15
G30-20	11070	0.58	10950	0.70	0.0007	11250	0.73	29
GD1212	11040	0.67	11650	0.57	0.0003	12550	0.89	26
GD154	11180	0.70	12000	0.53	0.1098	11050	0.81	11
GD244	11680	0.66	11600	0.69	0.1652	11900	0.72	23
GD385	11710	0.63	12350	0.67	0.0154	10650	0.77	13
GD66	11980	0.64	12150	0.91	0.3027	11150	0.92	7
GD99	11820	0.66	11050	0.63	0.0000	12400	0.89	27
HE0031-5525	11480	0.44	11350	0.55	0.0806			
HE0344+1207	11470	0.78	11500	0.83	0.1357			
HE0532-560	11560	0.92	10800	0.88	1.4453			
HE1258+0123	11100	0.68	11850	0.83	1.3961			
HE1429-037	11430	0.52	11800	0.86	1.0951			
HLTau-76	11450	0.548					
HS0235+069	11000	0.5	11700	0.53	0.0005	12600	0.93	30
HS0507+0434B	11630	0.71	11500	0.70	0.2386	10600	0.70	5
HS0733+4119								
HS0951+1312	11000	0.4	11200	0.87	0.1887	11750	0.80	15
HS0952+1816	11000	0.4	10600	0.97	0.2534	10800	0.98	13
HS1039+4112	11550	0.67	12500	0.66	0.0878	12300	0.69	18
HS1249+0426	11770	0.57	11600	0.81	0.0005	12100	0.58	52
HS1625+1231	11270	0.60	12050	0.67	1.3031			
KUV02464+3239	11290	0.65	12150	0.82	0.0001	11950	0.75	31
KUV03442+0719	10930	0.51	12200	0.88	0.0004	12500	0.71	26
KUV08368+4026	11490	0.64	12350	0.95	0.0229	12450	0.76	28
KUV11370+4222	11430	0.66	12050	0.69	0.2183	10600	0.67	7
L19-2	12150	0.70	10650	0.91	0.4692			
LP133-144	11800	0.54	11850	0.78	0.5174	10600	0.86	9
LP586-051								
MCT0016-2553	10900	0.63	12000	0.76	0.0002	10650	0.99	28
MCT0145-221	11500	0.69	11800	0.81	0.4127	11400	0.84	8
MCT2148-2911	11740	0.51	10600	0.77	0.0003	11850	0.71	48
PG1149+058	10980	0.64	11350	0.57	0.0002	12500	0.87	31
PG2303+242	11480	0.66	11600	0.95	0.1722			
R548	11990	0.59	12250	0.90	0.0560	12250	0.90	29
R808	10900	0.40	12550	0.50	2.3859			
WDJ0000-0046	10880	0.81	12150	0.79	0.2015			
WDJ0018+0031	11700	0.57	11200	0.75	0.1504	10600	0.77	5
WDJ0102-0032	11050	0.76	10750	0.51	0.0001	11600	0.86	37
WDJ0111+0018	11510	0.77	11100	0.78	0.0388	12550	0.85	22
WDJ0214-0823	11570	0.57	10700	0.77	0.1342	12000	0.86	29
WDJ0249-0100	11060	0.80	10850	0.53	0.0447	11500	0.78	8
WDJ0303-0808	11400	0.92	11550	0.88	0.0578	12050	0.93	13
WDJ0318+0030	11040	0.65	11200	0.73	0.0803	12500	0.91	11
WDJ0332-0049	11040	0.77	10700	0.53	0.0000	11700	0.86	29
WDJ0756+2020	11710	0.61	11500	0.95	0.0000	10850	0.89	25
WDJ0815+4437	11620	0.57	12500	0.95	0.1446	11900	0.82	33
WDJ0818+3132	11800	0.65	12350	0.87	0.0774	11350	0.97	20
WDJ0825+0329	11800	0.82	10900	0.94	0.2073	11300	0.72	12
WDJ0825+4119	11160	0.47	11850	0.85	0.0413	12400	0.54	16
WDJ0842+3707	11720	0.48	11150	0.56	0.0002	11350	0.52	54
WDJ0843+0431	11250	0.72	11200	0.68	0.0403	12550	0.98	12
WDJ0847+4510	11680	0.61	10950	0.88	0.0000	11450	0.86	27
WDJ0851+0605	11310	0.68	10800	0.80	0.0001	10600	0.51	52
WDJ0853+0005	11750	0.68	12450	0.93	0.0003	11750	0.70	48
WDJ0855+0635	11050	0.88	12000	0.86	0.0517	11850	0.93	18
WDJ0906-0024	11520	0.61	10650	0.89	0.3626	10800	0.86	9
WDJ0913+4036	11680	0.54	12100	0.94	0.2997	12100	0.87	7
WDJ0916+3855	11410	0.67	11700	0.97	0.1965	10750	0.81	8
WDJ0917+0926	11340	0.70	11800	0.79	0.2501	12200	0.87	24
WDJ0939+5609	11790	0.75	12550	0.71	0.0002	12300	0.73	48
WDJ0942+5733	11260	0.78	12150	0.57	0.1550	11800	0.64	14
WDJ0949-0000	11180	0.75	12300	0.70	0.9373	11000	0.74	20
WDJ0959+0238	11830	0.64						
WDJ1002+5818	11710	0.57						
WDJ1007+5245	11430	0.66						
WDJ1015+0306	11580	0.70						
WDJ1015+5954	11630	0.62						
WDJ1054+5307	11120	0.61						
WDJ1056-0006	11020	0.54						
WDJ1106+0115	10990	0.66						
WDJ1122+0358	11070	0.64						
WDJ1125+0345	11600	0.60						
WDJ1136-0137	11710	0.59						
WDJ1157+0553	11050	0.70						
WDJ1216+0922	11290	0.79						
WDJ1218+0042	11123	0.71						
WDJ1222-0243	11400	0.83						
WDJ1255+0211	11390	0.71						
WDJ1257+0124	11520	0.86						
WDJ1310-0159	10990	0.57						
WDJ1337+0104	11530	0.95						
WDJ1338-0023	11970	0.69						
WDJ1345-0055	11800	0.63						
WDJ1354+0108	11700	0.61						
WDJ1355+5454	11580	0.58						
WDJ1408+0445	10940	0.64						
WDJ1417+0058	11300	0.63						
WDJ1443+0134	11830	0.70						
WDJ1502-0001	11200	0.61						
WDJ1533-0206	11350	0.73						
WDJ1617+4324	11190	0.63						
WDJ1618-0023	10860	0.71						
WDJ1641+3521	11240	0.87						
WDJ1650+3010	11100	1.07						
WDJ1700+3549	11160	0.63						
WDJ1711+6541	11310	1.00						
WDJ1724+5835	11540	0.55						
WDJ1732+5905	10860	0.60						
WDJ1959+059	11030	0.75					
WDJ2128-0007	11440	0.79						
WDJ2134-0743								
WDJ2135-0743	11190	0.45						
WDJ2153-0731	11930	0.65						
WDJ2159+1322	11710	0.99						
WDJ2209-0919	11430	0.82						
WDJ2214-0025	11440	0.60						
WDJ2231+1346	11080	0.58						
WDJ2307-0847	11060	0.73						
WDJ2334+0103	11400	0.60						
WDJ2350-0054	10350	0.80						
