# -log(1-Mr/M*)    X_O        X_C        X_He       X_H         B          N^2
     0.000000   0.900000   0.100000   0.000000   0.000000   0.000000   0.13178E-05
     0.000002   0.900000   0.100000   0.000000   0.000000   0.000000   0.15366E-05
     0.000005   0.900000   0.100000   0.000000   0.000000   0.000000   0.17916E-05
     0.000009   0.900000   0.100000   0.000000   0.000000   0.000000   0.20890E-05
     0.000014   0.900000   0.100000   0.000000   0.000000   0.000000   0.24357E-05
     0.000019   0.900000   0.100000   0.000000   0.000000   0.000000   0.28401E-05
     0.000027   0.900000   0.100000   0.000000   0.000000   0.000000   0.33115E-05
     0.000036   0.900000   0.100000   0.000000   0.000000   0.000000   0.38612E-05
     0.000048   0.900000   0.100000   0.000000   0.000000   0.000000   0.45021E-05
     0.000062   0.900000   0.100000   0.000000   0.000000   0.000000   0.52496E-05
     0.000081   0.900000   0.100000   0.000000   0.000000   0.000000   0.61212E-05
     0.000104   0.900000   0.100000   0.000000   0.000000   0.000000   0.71375E-05
     0.000133   0.900000   0.100000   0.000000   0.000000   0.000000   0.83228E-05
     0.000170   0.900000   0.100000   0.000000   0.000000   0.000000   0.97052E-05
     0.000216   0.900000   0.100000   0.000000   0.000000   0.000000   0.11317E-04
     0.000274   0.900000   0.100000   0.000000   0.000000   0.000000   0.13198E-04
     0.000348   0.900000   0.100000   0.000000   0.000000   0.000000   0.15391E-04
     0.000440   0.900000   0.100000   0.000000   0.000000   0.000000   0.17950E-04
     0.000557   0.900000   0.100000   0.000000   0.000000   0.000000   0.20934E-04
     0.000703   0.900000   0.100000   0.000000   0.000000   0.000000   0.24417E-04
     0.000888   0.900000   0.100000   0.000000   0.000000   0.000000   0.28481E-04
     0.001120   0.900000   0.100000   0.000000   0.000000   0.000000   0.33223E-04
     0.001413   0.900000   0.100000   0.000000   0.000000   0.000000   0.38759E-04
     0.001782   0.900000   0.100000   0.000000   0.000000   0.000000   0.45222E-04
     0.002247   0.900000   0.100000   0.000000   0.000000   0.000000   0.52769E-04
     0.002833   0.900000   0.100000   0.000000   0.000000   0.000000   0.61585E-04
     0.003573   0.900000   0.100000   0.000000   0.000000   0.000000   0.71887E-04
     0.004505   0.900000   0.100000   0.000000   0.000000   0.000000   0.83931E-04
     0.005681   0.900000   0.100000   0.000000   0.000000   0.000000   0.98019E-04
     0.007167   0.900000   0.100000   0.000000   0.000000   0.000000   0.11451E-03
     0.009045   0.900000   0.100000   0.000000   0.000000   0.000000   0.13382E-03
     0.011420   0.900000   0.100000   0.000000   0.000000   0.000000   0.15647E-03
     0.014429   0.900000   0.100000   0.000000   0.000000   0.000000   0.18306E-03
     0.018248   0.900000   0.100000   0.000000   0.000000   0.000000   0.21433E-03
     0.023104   0.900000   0.100000   0.000000   0.000000   0.000000   0.25118E-03
     0.029297   0.900000   0.100000   0.000000   0.000000   0.000000   0.29472E-03
     0.037221   0.900000   0.100000   0.000000   0.000000   0.000000   0.34637E-03
     0.047410   0.900000   0.100000   0.000000   0.000000   0.000000   0.36511E-03
     0.051302   0.900000   0.100000   0.000000   0.000000   0.000000   0.38354E-03
     0.055229   0.900000   0.100000   0.000000   0.000000   0.000000   0.40171E-03
     0.059192   0.900000   0.100000   0.000000   0.000000   0.000000   0.41965E-03
     0.063191   0.900000   0.100000   0.000000   0.000000   0.000000   0.43743E-03
     0.067228   0.899999   0.100001   0.000000   0.000000   0.000000   0.45529E-03
     0.071302   0.899996   0.100004   0.000000   0.000000   0.000000   0.47438E-03
     0.075415   0.899980   0.100020   0.000000   0.000000   0.000000   0.50040E-03
     0.079568   0.899902   0.100098   0.000000   0.000000   0.000000   0.56187E-03
     0.083760   0.899519   0.100481   0.000000   0.000000   0.000000   0.78799E-03
     0.087993   0.897770   0.102230   0.000000   0.000000   0.000000   0.15785E-02
     0.092268   0.891410   0.108590   0.000000   0.000000   0.000000   0.32674E-02
     0.096585   0.877220   0.122780   0.000000   0.000000   0.000000   0.51395E-02
     0.100946   0.857777   0.142223   0.000000   0.000000   0.000000   0.62485E-02
     0.105351   0.836658   0.163342   0.000000   0.000000   0.000000   0.67031E-02
     0.109801   0.815157   0.184843   0.000000   0.000000   0.000000   0.69304E-02
     0.114297   0.793577   0.206423   0.000000   0.000000   0.000000   0.70989E-02
     0.118841   0.771981   0.228019   0.000000   0.000000   0.000000   0.72493E-02
     0.123432   0.750382   0.249618   0.000000   0.000000   0.000000   0.73901E-02
     0.128072   0.728782   0.271218   0.000000   0.000000   0.000000   0.75234E-02
     0.132763   0.707182   0.292818   0.000000   0.000000   0.000000   0.76494E-02
     0.137504   0.685582   0.314418   0.000000   0.000000   0.000000   0.77684E-02
     0.142298   0.663982   0.336018   0.000000   0.000000   0.000000   0.78804E-02
     0.147146   0.642382   0.357618   0.000000   0.000000   0.000000   0.79852E-02
     0.152048   0.620782   0.379218   0.000000   0.000000   0.000000   0.80831E-02
     0.157006   0.599182   0.400818   0.000000   0.000000   0.000000   0.81740E-02
     0.162021   0.577582   0.422418   0.000000   0.000000   0.000000   0.82582E-02
     0.167095   0.555982   0.444018   0.000000   0.000000   0.000000   0.83358E-02
     0.172229   0.534382   0.465618   0.000000   0.000000   0.000000   0.84069E-02
     0.177425   0.512782   0.487218   0.000000   0.000000   0.000000   0.84717E-02
     0.182683   0.491182   0.508818   0.000000   0.000000   0.000000   0.85302E-02
     0.188006   0.469584   0.530416   0.000000   0.000000   0.000000   0.85815E-02
     0.193394   0.447991   0.552009   0.000000   0.000000   0.000000   0.86219E-02
     0.198851   0.426428   0.573572   0.000000   0.000000   0.000000   0.86324E-02
     0.204377   0.405006   0.594994   0.000000   0.000000   0.000000   0.85308E-02
     0.209974   0.384222   0.615778   0.000000   0.000000   0.000000   0.80713E-02
     0.215644   0.365590   0.634410   0.000000   0.000000   0.000000   0.70757E-02
     0.221389   0.350613   0.649387   0.000000   0.000000   0.000000   0.60219E-02
     0.227212   0.338086   0.661914   0.000000   0.000000   0.000000   0.54759E-02
     0.233113   0.326342   0.673658   0.000000   0.000000   0.000000   0.53335E-02
     0.239096   0.314775   0.685225   0.000000   0.000000   0.000000   0.53223E-02
     0.245162   0.303246   0.696754   0.000000   0.000000   0.000000   0.46805E-02
     0.251314   0.291724   0.708276   0.000000   0.000000   0.000000   0.40365E-02
     0.257555   0.280204   0.719796   0.000000   0.000000   0.000000   0.40606E-02
     0.263886   0.268684   0.731316   0.000000   0.000000   0.000000   0.40842E-02
     0.270312   0.257164   0.742836   0.000000   0.000000   0.000000   0.41072E-02
     0.276833   0.245644   0.754356   0.000000   0.000000   0.000000   0.41297E-02
     0.283455   0.234124   0.765876   0.000000   0.000000   0.000000   0.41516E-02
     0.290178   0.222604   0.777396   0.000000   0.000000   0.000000   0.41730E-02
     0.297008   0.211084   0.788916   0.000000   0.000000   0.000000   0.44420E-02
     0.303946   0.199564   0.800174   0.000263   0.000000   0.000000   0.44760E-02
     0.310998   0.188044   0.811682   0.000274   0.000000   0.000000   0.42557E-02
     0.318165   0.176524   0.823190   0.000286   0.000000   0.000000   0.42768E-02
     0.325453   0.165004   0.834697   0.000300   0.000000   0.000000   0.42976E-02
     0.332865   0.153484   0.846203   0.000313   0.000000   0.000000   0.43184E-02
     0.340406   0.141964   0.857708   0.000328   0.000000   0.000000   0.43389E-02
     0.348081   0.130446   0.869211   0.000344   0.000000   0.000000   0.43587E-02
     0.355893   0.118933   0.880706   0.000361   0.000000   0.000000   0.43753E-02
     0.363849   0.107449   0.892172   0.000379   0.000000   0.000000   0.43768E-02
     0.371953   0.096106   0.903496   0.000398   0.000000   0.000000   0.43103E-02
     0.380211   0.085396   0.914185   0.000419   0.000000   0.000000   0.40205E-02
     0.388629   0.076822   0.922737   0.000441   0.000000   0.000000   0.33981E-02
     0.397213   0.071874   0.927661   0.000464   0.000000   0.000000   0.27482E-02
     0.405971   0.069360   0.930150   0.000490   0.000000   0.000000   0.24232E-02
     0.414909   0.067621   0.931861   0.000518   0.000000   0.000000   0.23535E-02
     0.424035   0.066060   0.933393   0.000547   0.000000   0.000000   0.23679E-02
     0.433357   0.064534   0.934886   0.000580   0.000000   0.000000   0.24025E-02
     0.442883   0.063017   0.936369   0.000614   0.000000   0.000000   0.24423E-02
     0.452623   0.061501   0.937847   0.000652   0.000000   0.000000   0.24845E-02
     0.462586   0.059985   0.939322   0.000693   0.000000   0.000000   0.25285E-02
     0.472784   0.058469   0.940793   0.000738   0.000000   0.000000   0.25743E-02
     0.483226   0.056953   0.942260   0.000787   0.000000   0.000000   0.26220E-02
     0.493926   0.055437   0.943722   0.000841   0.000000   0.000000   0.26719E-02
     0.504896   0.053922   0.945179   0.000899   0.000000   0.000000   0.27243E-02
     0.516151   0.052406   0.946630   0.000964   0.000000   0.000000   0.27792E-02
     0.527705   0.050890   0.948075   0.001035   0.000000   0.000000   0.28371E-02
     0.539575   0.049374   0.949512   0.001113   0.000000   0.000000   0.28982E-02
     0.551779   0.047858   0.950941   0.001200   0.000000   0.000000   0.29629E-02
     0.564336   0.046343   0.952360   0.001297   0.000000   0.000000   0.30317E-02
     0.577266   0.044827   0.953768   0.001405   0.000000   0.000000   0.31050E-02
     0.590594   0.043311   0.955163   0.001526   0.000000   0.000000   0.31834E-02
     0.604343   0.041795   0.956544   0.001661   0.000000   0.000000   0.32675E-02
     0.618543   0.040279   0.957907   0.001814   0.000000   0.000000   0.33583E-02
     0.633222   0.038764   0.959250   0.001986   0.000000   0.000000   0.34567E-02
     0.648415   0.037248   0.960569   0.002183   0.000000   0.000000   0.35639E-02
     0.664159   0.035732   0.961861   0.002407   0.000000   0.000000   0.36811E-02
     0.680496   0.034216   0.963120   0.002664   0.000000   0.000000   0.38102E-02
     0.697472   0.032700   0.964339   0.002961   0.000000   0.000000   0.39531E-02
     0.715138   0.031185   0.965510   0.003305   0.000000   0.000000   0.41126E-02
     0.733554   0.029669   0.966623   0.003708   0.000000   0.000000   0.42919E-02
     0.752786   0.028153   0.967666   0.004181   0.000000   0.000000   0.44951E-02
     0.772910   0.026637   0.968621   0.004742   0.000000   0.000000   0.47276E-02
     0.794013   0.025121   0.969467   0.005412   0.000000   0.000000   0.49960E-02
     0.816194   0.023606   0.970175   0.006219   0.000000   0.000000   0.53095E-02
     0.839569   0.022090   0.970707   0.007203   0.000000   0.000000   0.56802E-02
     0.864277   0.020574   0.971012   0.008414   0.000000   0.000000   0.61243E-02
     0.890476   0.019058   0.971018   0.009924   0.000000   0.000000   0.66642E-02
     0.918359   0.017543   0.970626   0.011832   0.000000   0.000000   0.73310E-02
     0.948158   0.016027   0.969692   0.014282   0.000000   0.000000   0.81693E-02
     0.980156   0.014511   0.968006   0.017483   0.000000   0.000000   0.92435E-02
     1.014704   0.012995   0.965255   0.021750   0.000000   0.000000   0.10648E-01
     1.052245   0.011479   0.960951   0.027569   0.000000   0.000000   0.12523E-01
     1.093348   0.009963   0.954321   0.035716   0.000000   0.000000   0.15078E-01
     1.138762   0.008446   0.944091   0.047463   0.000000   0.000000   0.18622E-01
     1.189502   0.006924   0.928103   0.064973   0.000000   0.000000   0.27254E-01
     1.246989   0.005375   0.902602   0.092023   0.000000  -0.137358   0.39968E-01
     1.289827   0.004171   0.874190   0.121639   0.000000   0.000000   0.40380E-01
     1.325962   0.003229   0.847246   0.149526   0.000000   0.572748   0.39558E-01
     1.369384   0.002199   0.815954   0.181847   0.000000   0.638724   0.44650E-01
     1.413139   0.000981   0.780596   0.218423   0.000000   0.691626   0.49527E-01
     1.457217   0.000000   0.741246   0.258754   0.000000   0.725565   0.53982E-01
     1.501611   0.000000   0.697932   0.302068   0.000000   0.736801   0.58037E-01
     1.546311   0.000000   0.652531   0.347469   0.000000   0.725416   0.61826E-01
     1.591308   0.000000   0.605836   0.394164   0.000000   0.696092   0.65569E-01
     1.636593   0.000000   0.558291   0.441709   0.000000   0.656454   0.69694E-01
     1.682158   0.000000   0.509829   0.490171   0.000000   0.615246   0.74687E-01
     1.727995   0.000000   0.459888   0.540112   0.000000   0.580335   0.80912E-01
     1.774095   0.000000   0.407726   0.592274   0.000000   0.556659   0.88352E-01
     1.820452   0.000000   0.352998   0.647002   0.000000   0.544326   0.96418E-01
     1.867058   0.000000   0.296438   0.703562   0.000000   0.537437   0.10398E+00
     1.913907   0.000000   0.240182   0.759818   0.000000   0.525178   0.10981E+00
     1.960991   0.000000   0.187331   0.812669   0.000000   0.496337   0.11319E+00
     2.008302   0.000000   0.140868   0.859132   0.000000   0.445388   0.11434E+00
     2.055830   0.000000   0.102617   0.897383   0.000000   0.375838   0.11427E+00
     2.103567   0.000000   0.072890   0.927110   0.000000   0.298334   0.11418E+00
     2.151503   0.000000   0.050829   0.949171   0.000000   0.224378   0.11510E+00
     2.199632   0.000000   0.035008   0.964992   0.000000   0.161541   0.11763E+00
     2.247946   0.000000   0.023930   0.976070   0.000000   0.112489   0.12200E+00
     2.296440   0.000000   0.016295   0.983705   0.000000   0.076442   0.12823E+00
     2.345108   0.000000   0.011083   0.988917   0.000000   0.051048   0.13624E+00
     2.393943   0.000000   0.007543   0.992457   0.000000   0.033674   0.14593E+00
     2.442940   0.000000   0.005145   0.994855   0.000000   0.022186   0.15723E+00
     2.492093   0.000000   0.003520   0.996480   0.000000   0.014404   0.17010E+00
     2.541395   0.000000   0.002417   0.997583   0.000000   0.009344   0.18454E+00
     2.590840   0.000000   0.001666   0.998334   0.000000   0.006075   0.29088E+00
     2.640422   0.000000   0.000000   0.997110   0.002890   0.003971   0.32883E+00
     2.690136   0.000000   0.000000   0.996659   0.003341   0.148820   0.26880E+00
     2.740058   0.000000   0.000000   0.996137   0.003863   0.052067   0.29759E+00
     2.790024   0.000000   0.000000   0.995530   0.004470   0.057211   0.32905E+00
     2.840107   0.000000   0.000000   0.994825   0.005175   0.062839   0.36423E+00
     2.890302   0.000000   0.000000   0.994006   0.005994   0.068986   0.40363E+00
     2.940604   0.000000   0.000000   0.993052   0.006948   0.075687   0.44782E+00
     2.991008   0.000000   0.000000   0.991943   0.008057   0.082999   0.49747E+00
     3.041508   0.000000   0.000000   0.990650   0.009350   0.091015   0.55337E+00
     3.092101   0.000000   0.000000   0.989142   0.010858   0.099846   0.61646E+00
     3.142783   0.000000   0.000000   0.987380   0.012620   0.107175   0.68784E+00
     3.193548   0.000000   0.000000   0.985321   0.014679   0.117439   0.76902E+00
     3.244394   0.000000   0.000000   0.982908   0.017092   0.128871   0.86155E+00
     3.295316   0.000000   0.000000   0.980078   0.019922   0.141695   0.96742E+00
     3.346311   0.000000   0.000000   0.976752   0.023248   0.156181   0.10891E+01
     3.397376   0.000000   0.000000   0.972832   0.027168   0.172669   0.12297E+01
     3.448509   0.000000   0.000000   0.968202   0.031798   0.191558   0.13928E+01
     3.499706   0.000000   0.000000   0.962717   0.037283   0.213235   0.15832E+01
     3.550965   0.000000   0.000000   0.956195   0.043805   0.238118   0.18070E+01
     3.602276   0.000000   0.000000   0.948411   0.051589   0.266721   0.20719E+01
     3.653643   0.000000   0.000000   0.939074   0.060926   0.299582   0.23889E+01
     3.705067   0.000000   0.000000   0.927816   0.072184   0.337324   0.27704E+01
     3.756549   0.000000   0.000000   0.914156   0.085844   0.380562   0.32343E+01
     3.808094   0.000000   0.000000   0.897465   0.102535   0.429975   0.38028E+01
     3.859708   0.000000   0.000000   0.876906   0.123094   0.486415   0.45016E+01
     3.911399   0.000000   0.000000   0.851362   0.148638   0.550217   0.53673E+01
     3.963185   0.000000   0.000000   0.819305   0.180695   0.621847   0.64199E+01
     4.015085   0.000000   0.000000   0.778758   0.221242   0.701826   0.75981E+01
     4.067175   0.000000   0.000000   0.727205   0.272795   0.788006   0.88766E+01
     4.119472   0.000000   0.000000   0.661678   0.338322   0.876951   0.10230E+02
     4.171991   0.000000   0.000000   0.579664   0.420336   0.958355   0.11026E+02
     4.224805   0.000000   0.000000   0.481390   0.518610   1.014468   0.10674E+02
     4.277991   0.000000   0.000000   0.372682   0.627318   1.017688   0.92270E+01
     4.331410   0.000000   0.000000   0.266206   0.733794   0.941472   0.72404E+01
     4.384909   0.000000   0.000000   0.175854   0.824146   0.784363   0.54282E+01
     4.438218   0.000000   0.000000   0.108997   0.891003   0.583063   0.40249E+01
     4.491142   0.000000   0.000000   0.064573   0.935427   0.391258   0.30489E+01
     4.543630   0.000000   0.000000   0.037156   0.962844   0.242753   0.24139E+01
     4.595760   0.000000   0.000000   0.021001   0.978999   0.142813   0.20264E+01
     4.647657   0.000000   0.000000   0.011745   0.988255   0.081352   0.18086E+01
     4.699432   0.000000   0.000000   0.006527   0.993473   0.045519   0.17003E+01
     4.751161   0.000000   0.000000   0.003613   0.996387   0.025179   0.16600E+01
     4.802894   0.000000   0.000000   0.001995   0.998005   0.013887   0.16624E+01
     4.854652   0.000000   0.000000   0.001100   0.998900   0.007620   0.16922E+01
     4.906443   0.000000   0.000000   0.000606   0.999394   0.004166   0.17398E+01
     4.958269   0.000000   0.000000   0.000333   0.999667   0.002271   0.17983E+01
     5.010136   0.000000   0.000000   0.000183   0.999817   0.001242   0.18633E+01
     5.062050   0.000000   0.000000   0.000101   0.999899   0.000672   0.19325E+01
     5.114012   0.000000   0.000000   0.000056   0.999944   0.000366   0.20053E+01
     5.166022   0.000000   0.000000   0.000030   0.999970   0.000200   0.20808E+01
     5.218078   0.000000   0.000000   0.000017   0.999983   0.000114   0.21586E+01
     5.270179   0.000000   0.000000   0.000009   0.999991   0.000055   0.22390E+01
     5.322323   0.000000   0.000000   0.000004   0.999996   0.000034   0.23217E+01
     5.374508   0.000000   0.000000   0.000004   0.999996   0.000019   0.24057E+01
     5.426733   0.000000   0.000000   0.000002   0.999998   0.000003   0.24916E+01
     5.478999   0.000000   0.000000   0.000003   0.999997   0.000007   0.25817E+01
     5.531303   0.000000   0.000000   0.000003   0.999997  -0.000003   0.26785E+01
     5.583642   0.000000   0.000000   0.000004   0.999996  -0.000003   0.27804E+01
     5.636017   0.000000   0.000000   0.000002   0.999998  -0.000004   0.28799E+01
     5.688426   0.000000   0.000000   0.000000   1.000000   0.000007   0.29760E+01
     5.740870   0.000000   0.000000   0.000000   1.000000   0.000000   0.30746E+01
     5.793346   0.000000   0.000000   0.000000   1.000000   0.000000   0.31796E+01
     5.845855   0.000000   0.000000   0.000000   1.000000   0.000000   0.32908E+01
     5.898394   0.000000   0.000000   0.000000   1.000000   0.000000   0.34039E+01
     5.950962   0.000000   0.000000   0.000000   1.000000   0.000000   0.35156E+01
     6.003558   0.000000   0.000000   0.000000   1.000000   0.000000   0.36253E+01
     6.056182   0.000000   0.000000   0.000000   1.000000   0.000000   0.37373E+01
     6.108832   0.000000   0.000000   0.000000   1.000000   0.000000   0.38566E+01
     6.161507   0.000000   0.000000   0.000000   1.000000   0.000000   0.39831E+01
     6.214208   0.000000   0.000000   0.000000   1.000000   0.000000   0.41140E+01
     6.266934   0.000000   0.000000   0.000000   1.000000   0.000000   0.42455E+01
     6.319682   0.000000   0.000000   0.000000   1.000000   0.000000   0.43784E+01
     6.372453   0.000000   0.000000   0.000000   1.000000   0.000000   0.45152E+01
     6.425247   0.000000   0.000000   0.000000   1.000000   0.000000   0.46560E+01
     6.478062   0.000000   0.000000   0.000000   1.000000   0.000000   0.48005E+01
     6.530897   0.000000   0.000000   0.000000   1.000000   0.000000   0.49479E+01
     6.583752   0.000000   0.000000   0.000000   1.000000   0.000000   0.50997E+01
     6.636627   0.000000   0.000000   0.000000   1.000000   0.000000   0.52570E+01
     6.689520   0.000000   0.000000   0.000000   1.000000   0.000000   0.54189E+01
     6.742432   0.000000   0.000000   0.000000   1.000000   0.000000   0.55846E+01
     6.795361   0.000000   0.000000   0.000000   1.000000   0.000000   0.57545E+01
     6.848308   0.000000   0.000000   0.000000   1.000000   0.000000   0.59307E+01
     6.901271   0.000000   0.000000   0.000000   1.000000   0.000000   0.61144E+01
     6.954251   0.000000   0.000000   0.000000   1.000000   0.000000   0.63053E+01
     7.007246   0.000000   0.000000   0.000000   1.000000   0.000000   0.65033E+01
     7.060258   0.000000   0.000000   0.000000   1.000000   0.000000   0.67082E+01
     7.113285   0.000000   0.000000   0.000000   1.000000   0.000000   0.69199E+01
     7.166326   0.000000   0.000000   0.000000   1.000000   0.000000   0.71388E+01
     7.219384   0.000000   0.000000   0.000000   1.000000   0.000000   0.73663E+01
     7.272455   0.000000   0.000000   0.000000   1.000000   0.000000   0.76033E+01
     7.325540   0.000000   0.000000   0.000000   1.000000   0.000000   0.78494E+01
     7.378640   0.000000   0.000000   0.000000   1.000000   0.000000   0.81045E+01
     7.431754   0.000000   0.000000   0.000000   1.000000   0.000000   0.83680E+01
     7.484882   0.000000   0.000000   0.000000   1.000000   0.000000   0.86380E+01
     7.538022   0.000000   0.000000   0.000000   1.000000   0.000000   0.89138E+01
     7.591176   0.000000   0.000000   0.000000   1.000000   0.000000   0.91968E+01
     7.644342   0.000000   0.000000   0.000000   1.000000   0.000000   0.94882E+01
     7.697521   0.000000   0.000000   0.000000   1.000000   0.000000   0.97896E+01
     7.750711   0.000000   0.000000   0.000000   1.000000   0.000000   0.10103E+02
     7.803913   0.000000   0.000000   0.000000   1.000000   0.000000   0.10427E+02
     7.857127   0.000000   0.000000   0.000000   1.000000   0.000000   0.10762E+02
     7.910352   0.000000   0.000000   0.000000   1.000000   0.000000   0.11105E+02
     7.963588   0.000000   0.000000   0.000000   1.000000   0.000000   0.11455E+02
     8.016836   0.000000   0.000000   0.000000   1.000000   0.000000   0.11812E+02
     8.070094   0.000000   0.000000   0.000000   1.000000   0.000000   0.12178E+02
     8.123362   0.000000   0.000000   0.000000   1.000000   0.000000   0.12555E+02
     8.176641   0.000000   0.000000   0.000000   1.000000   0.000000   0.12950E+02
     8.229929   0.000000   0.000000   0.000000   1.000000   0.000000   0.13357E+02
     8.283228   0.000000   0.000000   0.000000   1.000000   0.000000   0.13769E+02
     8.336536   0.000000   0.000000   0.000000   1.000000   0.000000   0.14187E+02
     8.389853   0.000000   0.000000   0.000000   1.000000   0.000000   0.14619E+02
     8.443179   0.000000   0.000000   0.000000   1.000000   0.000000   0.15065E+02
     8.496514   0.000000   0.000000   0.000000   1.000000   0.000000   0.15513E+02
     8.549858   0.000000   0.000000   0.000000   1.000000   0.000000   0.15960E+02
     8.603210   0.000000   0.000000   0.000000   1.000000   0.000000   0.16418E+02
     8.656569   0.000000   0.000000   0.000000   1.000000   0.000000   0.16901E+02
     8.709936   0.000000   0.000000   0.000000   1.000000   0.000000   0.17395E+02
     8.763311   0.000000   0.000000   0.000000   1.000000   0.000000   0.17882E+02
     8.816693   0.000000   0.000000   0.000000   1.000000   0.000000   0.18374E+02
     8.870082   0.000000   0.000000   0.000000   1.000000   0.000000   0.18892E+02
     8.923477   0.000000   0.000000   0.000000   1.000000   0.000000   0.19431E+02
     8.976878   0.000000   0.000000   0.000000   1.000000   0.000000   0.19966E+02
     9.030286   0.000000   0.000000   0.000000   1.000000   0.000000   0.20492E+02
     9.083700   0.000000   0.000000   0.000000   1.000000   0.000000   0.21035E+02
     9.137118   0.000000   0.000000   0.000000   1.000000   0.000000   0.21608E+02
     9.190543   0.000000   0.000000   0.000000   1.000000   0.000000   0.22191E+02
     9.243973   0.000000   0.000000   0.000000   1.000000   0.000000   0.22766E+02
     9.297407   0.000000   0.000000   0.000000   1.000000   0.000000   0.23339E+02
     9.350846   0.000000   0.000000   0.000000   1.000000   0.000000   0.23925E+02
     9.404289   0.000000   0.000000   0.000000   1.000000   0.000000   0.24530E+02
     9.457735   0.000000   0.000000   0.000000   1.000000   0.000000   0.25159E+02
     9.511186   0.000000   0.000000   0.000000   1.000000   0.000000   0.25808E+02
     9.564640   0.000000   0.000000   0.000000   1.000000   0.000000   0.26467E+02
     9.618098   0.000000   0.000000   0.000000   1.000000   0.000000   0.27134E+02
     9.671560   0.000000   0.000000   0.000000   1.000000   0.000000   0.27824E+02
     9.725025   0.000000   0.000000   0.000000   1.000000   0.000000   0.28549E+02
     9.778494   0.000000   0.000000   0.000000   1.000000   0.000000   0.29295E+02
     9.831966   0.000000   0.000000   0.000000   1.000000   0.000000   0.30042E+02
     9.885441   0.000000   0.000000   0.000000   1.000000   0.000000   0.30802E+02
     9.938920   0.000000   0.000000   0.000000   1.000000   0.000000   0.31600E+02
     9.992402   0.000000   0.000000   0.000000   1.000000   0.000000   0.32440E+02
    10.045888   0.000000   0.000000   0.000000   1.000000   0.000000   0.33298E+02
    10.099377   0.000000   0.000000   0.000000   1.000000   0.000000   0.34163E+02
    10.152869   0.000000   0.000000   0.000000   1.000000   0.000000   0.35059E+02
    10.206364   0.000000   0.000000   0.000000   1.000000   0.000000   0.36010E+02
    10.259864   0.000000   0.000000   0.000000   1.000000   0.000000   0.37012E+02
    10.313367   0.000000   0.000000   0.000000   1.000000   0.000000   0.38053E+02
    10.366874   0.000000   0.000000   0.000000   1.000000   0.000000   0.39113E+02
    10.420385   0.000000   0.000000   0.000000   1.000000   0.000000   0.40174E+02
    10.473901   0.000000   0.000000   0.000000   1.000000   0.000000   0.41244E+02
    10.527419   0.000000   0.000000   0.000000   1.000000   0.000000   0.42366E+02
    10.580942   0.000000   0.000000   0.000000   1.000000   0.000000   0.43557E+02
    10.634468   0.000000   0.000000   0.000000   1.000000   0.000000   0.44782E+02
    10.687998   0.000000   0.000000   0.000000   1.000000   0.000000   0.46009E+02
    10.741532   0.000000   0.000000   0.000000   1.000000   0.000000   0.47254E+02
    10.795070   0.000000   0.000000   0.000000   1.000000   0.000000   0.48552E+02
    10.848612   0.000000   0.000000   0.000000   1.000000   0.000000   0.49900E+02
    10.902157   0.000000   0.000000   0.000000   1.000000   0.000000   0.51269E+02
    10.955706   0.000000   0.000000   0.000000   1.000000   0.000000   0.52646E+02
    11.009259   0.000000   0.000000   0.000000   1.000000   0.000000   0.54054E+02
    11.062815   0.000000   0.000000   0.000000   1.000000   0.000000   0.55511E+02
    11.116375   0.000000   0.000000   0.000000   1.000000   0.000000   0.57005E+02
    11.169938   0.000000   0.000000   0.000000   1.000000   0.000000   0.58514E+02
    11.223504   0.000000   0.000000   0.000000   1.000000   0.000000   0.60041E+02
    11.277073   0.000000   0.000000   0.000000   1.000000   0.000000   0.61608E+02
    11.330645   0.000000   0.000000   0.000000   1.000000   0.000000   0.63229E+02
    11.384221   0.000000   0.000000   0.000000   1.000000   0.000000   0.64899E+02
    11.437799   0.000000   0.000000   0.000000   1.000000   0.000000   0.66620E+02
    11.491380   0.000000   0.000000   0.000000   1.000000   0.000000   0.68400E+02
    11.544965   0.000000   0.000000   0.000000   1.000000   0.000000   0.70230E+02
    11.598552   0.000000   0.000000   0.000000   1.000000   0.000000   0.72092E+02
    11.652144   0.000000   0.000000   0.000000   1.000000   0.000000   0.73974E+02
    11.705738   0.000000   0.000000   0.000000   1.000000   0.000000   0.75884E+02
    11.759336   0.000000   0.000000   0.000000   1.000000   0.000000   0.77841E+02
    11.812936   0.000000   0.000000   0.000000   1.000000   0.000000   0.79869E+02
    11.866539   0.000000   0.000000   0.000000   1.000000   0.000000   0.81963E+02
    11.920145   0.000000   0.000000   0.000000   1.000000   0.000000   0.84112E+02
    11.973754   0.000000   0.000000   0.000000   1.000000   0.000000   0.86303E+02
    12.027367   0.000000   0.000000   0.000000   1.000000   0.000000   0.88537E+02
    12.080983   0.000000   0.000000   0.000000   1.000000   0.000000   0.90812E+02
    12.134602   0.000000   0.000000   0.000000   1.000000   0.000000   0.93125E+02
    12.188224   0.000000   0.000000   0.000000   1.000000   0.000000   0.95477E+02
    12.241849   0.000000   0.000000   0.000000   1.000000   0.000000   0.97873E+02
    12.295477   0.000000   0.000000   0.000000   1.000000   0.000000   0.10033E+03
    12.349107   0.000000   0.000000   0.000000   1.000000   0.000000   0.10289E+03
    12.402741   0.000000   0.000000   0.000000   1.000000   0.000000   0.10553E+03
    12.456379   0.000000   0.000000   0.000000   1.000000   0.000000   0.10821E+03
    12.510020   0.000000   0.000000   0.000000   1.000000   0.000000   0.11090E+03
    12.563664   0.000000   0.000000   0.000000   1.000000   0.000000   0.11361E+03
    12.617311   0.000000   0.000000   0.000000   1.000000   0.000000   0.11636E+03
    12.670961   0.000000   0.000000   0.000000   1.000000   0.000000   0.11918E+03
    12.724614   0.000000   0.000000   0.000000   1.000000   0.000000   0.12206E+03
    12.778271   0.000000   0.000000   0.000000   1.000000   0.000000   0.12497E+03
    12.831931   0.000000   0.000000   0.000000   1.000000   0.000000   0.12789E+03
    12.885594   0.000000   0.000000   0.000000   1.000000   0.000000   0.13076E+03
    12.939260   0.000000   0.000000   0.000000   1.000000   0.000000   0.13360E+03
    12.992929   0.000000   0.000000   0.000000   1.000000   0.000000   0.13645E+03
    13.046600   0.000000   0.000000   0.000000   1.000000   0.000000   0.13926E+03
    13.100273   0.000000   0.000000   0.000000   1.000000   0.000000   0.14194E+03
    13.153948   0.000000   0.000000   0.000000   1.000000   0.000000   0.14437E+03
    13.207624   0.000000   0.000000   0.000000   1.000000   0.000000   0.14649E+03
    13.261300   0.000000   0.000000   0.000000   1.000000   0.000000   0.14817E+03
    13.314973   0.000000   0.000000   0.000000   1.000000   0.000000   0.14923E+03
    13.368642   0.000000   0.000000   0.000000   1.000000   0.000000   0.14937E+03
    13.422303   0.000000   0.000000   0.000000   1.000000   0.000000   0.14818E+03
    13.475952   0.000000   0.000000   0.000000   1.000000   0.000000   0.14497E+03
    13.529583   0.000000   0.000000   0.000000   1.000000   0.000000   0.13845E+03
    13.583185   0.000000   0.000000   0.000000   1.000000   0.000000   0.12637E+03
    13.636741   0.000000   0.000000   0.000000   1.000000   0.000000   0.10426E+03
    13.690225   0.000000   0.000000   0.000000   1.000000   0.000000   0.61649E+02
    13.743584   0.000000   0.000000   0.000000   1.000000   0.000000  -0.00000E+00
    13.796727   0.000000   0.000000   0.000000   1.000000   0.000000  -0.00000E+00
    13.849777   0.000000   0.000000   0.000000   1.000000   0.000000  -0.00000E+00
    13.902834   0.000000   0.000000   0.000000   1.000000   0.000000  -0.00000E+00
    13.955903   0.000000   0.000000   0.000000   1.000000   0.000000  -0.00000E+00
    14.008985   0.000000   0.000000   0.000000   1.000000   0.000000  -0.00000E+00
    14.062084   0.000000   0.000000   0.000000   1.000000   0.000000  -0.00000E+00
    14.115201   0.000000   0.000000   0.000000   1.000000   0.000000  -0.00000E+00
    14.168341   0.000000   0.000000   0.000000   1.000000   0.000000  -0.00000E+00
    14.221507   0.000000   0.000000   0.000000   1.000000   0.000000  -0.00000E+00
    14.274703   0.000000   0.000000   0.000000   1.000000   0.000000  -0.00000E+00
    14.327935   0.000000   0.000000   0.000000   1.000000   0.000000  -0.00000E+00
    14.381210   0.000000   0.000000   0.000000   1.000000   0.000000  -0.00000E+00
    14.434533   0.000000   0.000000   0.000000   1.000000   0.000000  -0.00000E+00
    14.487915   0.000000   0.000000   0.000000   1.000000   0.000000  -0.00000E+00
    14.541364   0.000000   0.000000   0.000000   1.000000   0.000000  -0.00000E+00
    14.594892   0.000000   0.000000   0.000000   1.000000   0.000000  -0.00000E+00
    14.648510   0.000000   0.000000   0.000000   1.000000   0.000000  -0.00000E+00
    14.702229   0.000000   0.000000   0.000000   1.000000   0.000000  -0.00000E+00
    14.756065   0.000000   0.000000   0.000000   1.000000   0.000000  -0.00000E+00
    14.810029   0.000000   0.000000   0.000000   1.000000   0.000000  -0.00000E+00
    14.864134   0.000000   0.000000   0.000000   1.000000   0.000000  -0.00000E+00
    14.918395   0.000000   0.000000   0.000000   1.000000   0.000000  -0.00000E+00
    14.972826   0.000000   0.000000   0.000000   1.000000   0.000000  -0.00000E+00
    15.027445   0.000000   0.000000   0.000000   1.000000   0.000000  -0.00000E+00
    15.082269   0.000000   0.000000   0.000000   1.000000   0.000000  -0.00000E+00
    15.137321   0.000000   0.000000   0.000000   1.000000   0.000000  -0.00000E+00
    15.192624   0.000000   0.000000   0.000000   1.000000   0.000000  -0.00000E+00
    15.248209   0.000000   0.000000   0.000000   1.000000   0.000000  -0.00000E+00
    15.304113   0.000000   0.000000   0.000000   1.000000   0.000000  -0.00000E+00
    15.360375   0.000000   0.000000   0.000000   1.000000   0.000000  -0.00000E+00
    15.417040   0.000000   0.000000   0.000000   1.000000   0.000000  -0.00000E+00
    15.474164   0.000000   0.000000   0.000000   1.000000   0.000000  -0.00000E+00
    15.531811   0.000000   0.000000   0.000000   1.000000   0.000000  -0.00000E+00
    15.590058   0.000000   0.000000   0.000000   1.000000   0.000000  -0.00000E+00
    15.648998   0.000000   0.000000   0.000000   1.000000   0.000000  -0.00000E+00
    15.708737   0.000000   0.000000   0.000000   1.000000   0.000000  -0.00000E+00
    15.769399   0.000000   0.000000   0.000000   1.000000   0.000000  -0.00000E+00
    15.831137   0.000000   0.000000   0.000000   1.000000   0.000000  -0.00000E+00
    15.894137   0.000000   0.000000   0.000000   1.000000   0.000000  -0.00000E+00
    15.958623   0.000000   0.000000   0.000000   1.000000   0.000000  -0.00000E+00
    16.024875   0.000000   0.000000   0.000000   1.000000   0.000000  -0.00000E+00
    16.093240   0.000000   0.000000   0.000000   1.000000   0.000000  -0.00000E+00
    16.164157   0.000000   0.000000   0.000000   1.000000   0.000000  -0.00000E+00
    16.238193   0.000000   0.000000   0.000000   1.000000   0.000000  -0.00000E+00
    16.316040   0.000000   0.000000   0.000000   1.000000   0.000000  -0.00000E+00
    16.398519   0.000000   0.000000   0.000000   1.000000   0.000000  -0.00000E+00
    16.486819   0.000000   0.000000   0.000000   1.000000   0.000000  -0.00000E+00
    16.582618   0.000000   0.000000   0.000000   1.000000   0.000000  -0.00000E+00
    16.688751   0.000000   0.000000   0.000000   1.000000   0.000000  -0.00000E+00
    16.811806   0.000000   0.000000   0.000000   1.000000   0.000000  -0.00000E+00
    16.963254   0.000000   0.000000   0.000000   1.000000   0.000000  -0.00000E+00
    17.165996   0.000000   0.000000   0.000000   1.000000   0.000000  -0.00000E+00
    17.493591   0.000000   0.000000   0.000000   1.000000   0.000000  -0.00000E+00
