KIC4357037 & 12000 & 0.485 & 4.25 & 1.50 & 1.595 &   209.44(1,2), 261.80(1,3), 319.40(1,4), 361.29(1,5), 421.24(1,6), 530.18(1,8) \\
KIC4552982 & 10650 & 0.715 & 4.75 & 2.75 & 0.73 &   358.21(1,6), 828.93(1,18), 866.53(1,19), 906.93(1,20), 949.91(1,21), 982.44(1,22), 1061.54(1,24), 1286.93(1,29) \\
KIC7594781 & 12100 & 0.495 & 7.25 & 1.50 & 1.534 &   206.15(1,1), 257.60(1,2), 279.76(2,32), 257.60(1,2), 314.06(1,3), 325.89(2,33), 359.53(2,34), 361.74(1,4), 401.34(1,5), 480.10(1,6), 684.17(1,10) \\
KIC10132702 & 11050 & 0.730 & 6.75 & 2.50 & 0.375 &   459.94(1,8), 620.14(1,12), 645.56(2,55), 725.21(2,58), 811.60(2,61), 934.12(2,66) \\
KIC11911480 & 12150 & 0.750 & 8.25 & 2.75 & 0.594 &   171.75(2,37), 202.14(1,2), 257.83(1,3), 297.19(1,4), 324.74(1,5) \\
EPIC60017836 & 10800 & 0.765 & 6.25 & 3.50 & 1.034 &   370.87(1,6), 843.49(1,18), 850.49(2,65), 958.10(1,21), 1096.71(2,75), 1127.41(2,76), 1189.43(1,26) \\
EPIC201355934 & 12600 & 0.720 & 6.00 & 3.50 & 0.369 &   151.68(1,1), 175.90(1,2), 261.18(1,4) \\
EPIC201719578 & 11300 & 0.635 & 6.00 & 1.50 & 1.103 &   362.47(1,5), 412.55(1,6), 449.41(1,7), 503.66(1,8), 541.07(1,9), 703.51(1,13), 750.67(1,14), 797.38(1,15), 843.61(1,16), 1099.10(1,22) \\
EPIC201730811 & 12000 & 0.690 & 6.00 & 2.00 & 1.361 &   160.34(1,1), 187.03(1,2), 204.19(1,3), 274.99(1,4), 350.70(1,5) \\
EPIC201802933 & 10650 & 0.870 & 9.00 & 3.50 & 1.504 &   134.71(1,1), 195.70(1,2), 244.34(1,3), 278.85(1,4), 299.53(1,5), 397.81(1,7) \\
EPIC201806008 & 10800 & 0.730 & 4.50 & 3.50 & 0.0 &   412.40(1,8) \\
EPIC206212611 & 10800 & 0.755 & 8.00 & 2.50 & 0.01 &   1042.31(1,21), 1290.31(2,26) \\
EPIC210397465 & 10750 & 0.500 & 4.75 & 2.75 & 1.191 &   663.21(1,10), 699.79(1,11), 749.22(1,12), 976.27(1,16), 1074.63(2,18), 1233.56(2,63), 1278.91(1,22), 1389.51(1,24) \\
EPIC211596649 & 11100 & 0.510 & 6.50 & 1.50 & 0.194 &   259.09(1,2), 295.11(1,3), 326.05(1,4) \\
EPIC211629697 & 11400 & 0.890 & 8.50 & 3.25 & 0.797 &   491.08(1,11), 1096.47(1,27), 1142.47(1,28), 1197.72(1,29), 1238.47(1,30), 1282.02(2,92), 1306.91(1,32), 1349.67(2,95) \\
EPIC211914185 & 12300 & 0.635 & 6.00 & 1.50 & 0.683 &   170.87(1,1), 203.67(1,2) \\
EPIC211916160 & 10900 & 0.575 & 7.75 & 3.00 & 0.0 &   201.14(1,1) \\
EPIC211926430 & 10950 & 0.865 & 9.00 & 3.75 & 1.519 &   116.84(2,36), 167.05(2,38), 196.58(1,2), 241.65(1,3), 283.68(1,4), 299.71(1,5) \\
EPIC228682478 & 12000 & 0.635 & 5.75 & 3.00 & 0.036 &   192.11(1,2), 293.43(1,4), 393.26(2,44) \\
EPIC229227292 & 12550 & 0.525 & 9.00 & 1.75 & 1.902 &   304.52(1,3), 389.21(1,4), 504.72(1,6), 1102.82(1,18), 1116.48(2,59), 1176.05(2,61), 1224.30(1,20), 1245.58(2,63), 1322.87(1,22) \\
EPIC229228364 & 11500 & 0.755 & 7.25 & 3.25 & 0.093 &   1070.80(1,23), 1118.15(1,24), 1205.30(1,26) \\
