#KIC/EPIC, ID, LLS.Per(s), LLS.Per_err, LLS.Freq(muHz), LLS.Freq_err, LLS.Amp(ppt), LLS.Amp_err, LLS.Phase(rad), LLS.Phase_err, Lor.Per, Lor.Per_err, Lor.HWHM(muHz), Lor.Power(ppt^2), Splitting(muHz), ell, m
211926430 f_1a 252.28275  0.00013  3963.8064  0.0020  3.135 0.074 0.3280 0.0038 252.2825  0.0034  0.053 10.738 ...   1 -1 
211926430 f_1b 251.919183 0.000046 3969.52700 0.00073 8.730 0.074 0.7484 0.0014 251.9192  0.0033  0.053 83.503 5.721 1 0 
211926430 f_1c 251.55677  0.00023  3975.2458  0.0037  1.726 0.074 0.6199 0.0068 251.5565  0.0034  0.053 3.164  5.719 1 1 
211926430 f_2  273.03869  0.00015  3662.4846  0.0020  3.163 0.074 0.1804 0.0037 273.0387  0.0039  0.052 10.917 ...   ? ? 
211926430 f_3a 196.39528  0.00029  5091.7720  0.0075  0.848 0.074 0.858  0.014  196.3953  0.0020  0.051 0.790  ...   1 -1 
211926430 f_3b 196.14201  0.00020  5098.3469  0.0052  1.206 0.074 0.401  0.010  196.1450  0.0054  0.141 1.439  6.575 1 0 
211926430 f_3c 195.89939  0.00040  5104.661   0.010   0.608 0.074 0.652  0.019  195.8994  0.0020  0.053 0.390  6.314 1 1 
211926430 f_4a 299.5760   0.0011   3338.051   0.012   0.532 0.074 0.299  0.022  299.5761  0.0046  0.051 0.300  ...   1 -1? 
211926430 f_4b 299.05883  0.00047  3343.8237  0.0053  1.203 0.074 0.277  0.010  299.0587  0.0046  0.052 1.619  5.773 1 0? 
211926430 f_5a 169.35079  0.00031  5904.903   0.011   0.577 0.074 0.747  0.020  169.3508  0.0016  0.055 0.350  ...   2 -1? 
211926430 f_5b 169.08360  0.00053  5914.234   0.018   0.343 0.074 0.412  0.034  169.0836  0.0015  0.054 0.117  9.331 2 0? 
211926430 f_6a 119.63301  0.00019  8358.897   0.013   0.484 0.074 0.609  0.024  119.63300 0.00077 0.054 0.252  ...   2 -1? 
211926430 f_6b 119.50640  0.00033  8367.753   0.023   0.273 0.074 0.227  0.043  119.50638 0.00064 0.045 0.071  8.856 2 0? 

