#KIC/EPIC, ID, LLS.Per(s), LLS.Per_err, LLS.Freq(muHz), LLS.Freq_err, LLS.Amp(ppt), LLS.Amp_err, LLS.Phase(rad), LLS.Phase_err, Lor.Per, Lor.Per_err, Lor.HWHM(muHz), Lor.Power(ppt^2), Splitting(muHz), ell, m
220204626 f_1         676.3844  0.0013  1478.4492 0.0028 3.88 0.14 0.6363 0.0056 676.385 0.024 0.052 16.168 ...   ? ? 
220204626 f_2a        516.2515  0.0030  1937.040  0.011  0.97 0.14 0.609  0.022  516.248 0.023 0.086 0.932  ...   2 -2 
220204626 f_2b        511.20235 0.00082 1956.1725 0.0031 3.53 0.14 0.0508 0.0062 511.202 0.013 0.051 13.623 9.57  2 0 
220204626 f_2c        508.7320  0.0028  1965.671  0.011  1.03 0.14 0.868  0.021  508.731 0.019 0.073 1.091  9.50  2 1 
220204626 f_2d        506.0928  0.0053  1975.922  0.021  0.54 0.14 0.371  0.041  506.092 0.015 0.059 0.246  10.25 2 2 
220204626 f_3a        791.4630  0.0024  1263.4830 0.0039 2.85 0.14 0.0067 0.0076 791.467 0.062 0.099 7.893  ...   2 0? 
220204626 f_3b        785.6705  0.0062  1272.798  0.010  1.10 0.14 0.180  0.020  785.673 0.081 0.132 1.034  9.32  2 1? 
220204626 f_3c        779.979   0.014   1282.085  0.024  0.47 0.14 0.317  0.046  779.979 0.026 0.043 0.200  9.29  2 2? 
220204626 f_4         627.4471  0.0035  1593.7599 0.0089 1.25 0.14 0.315  0.017  627.447 0.020 0.050 1.673  ...   ? ? 
220204626 f_5a        583.1317  0.0032  1714.8784 0.0096 1.16 0.14 0.824  0.019  583.132 0.017 0.050 1.423  ...   1 0? 
220204626 f_5b        581.3204  0.0040  1720.222  0.012  0.92 0.14 0.208  0.024  581.322 0.017 0.050 0.915  5.34  1 1? 
220204626 f_6a        798.732   0.010   1251.985  0.016  0.70 0.14 0.632  0.031  798.728 0.030 0.047 0.505  ...   1 -1 
220204626 f_6b        794.8108  0.0061  1258.1611 0.0096 1.15 0.14 0.066  0.019  794.812 0.032 0.051 1.416  6.18  1 0 
220204626 f_7a        511.20235 0.00082 1956.1725 0.0031 3.53 0.14 0.0508 0.0062 511.202 0.013 0.051 13.623 9.57  2 0
220204626 f_7b        508.0354  0.0032  1968.367  0.013  0.88 0.14 0.911  0.025  508.035 0.013 0.050 0.754  ...   1 +1 

