#KIC/EPIC, ID, LLS.Per(s), LLS.Per_err, LLS.Freq(muHz), LLS.Freq_err, LLS.Amp(ppt), LLS.Amp_err, LLS.Phase(rad), LLS.Phase_err, Lor.Per, Lor.Per_err, Lor.HWHM(muHz), Lor.Power(ppt^2), Splitting(muHz), ell, m
201802933 f_1a 304.75670  0.00021  3281.3060 0.0022 3.65 0.10 0.0468 0.0043 304.7566  0.0048  0.051 14.350 ...   1 -1 
201802933 f_1b 304.31893  0.00024  3286.0263 0.0026 3.17 0.10 0.1924 0.0050 304.3189  0.0049  0.053 10.747 4.720 1 0 
201802933 f_1c 303.88332  0.00014  3290.7367 0.0016 5.20 0.10 0.3195 0.0030 303.8833  0.0046  0.050 29.355 4.710 1 1 
201802933 f_2  275.45456  0.00012  3630.3629 0.0016 5.01 0.10 0.2546 0.0031 275.4546  0.0039  0.051 27.389 ...   ? 0 
201802933 f_3a 198.902248 0.000070 5027.5953 0.0018 4.60 0.10 0.4376 0.0034 198.9023  0.0020  0.050 23.162 ...   1 -1 
201802933 f_3b 198.68794  0.00045  5033.018  0.011  0.71 0.10 0.316  0.022  198.6879  0.0019  0.048 0.494  5.423 1 0 
201802933 f_3c 198.47448  0.00028  5038.4312 0.0071 1.15 0.10 0.821  0.014  198.4745  0.0019  0.048 1.430  5.413 1 1 
201802933 f_4a 257.08899  0.00044  3889.7038 0.0067 1.21 0.10 0.671  0.013  257.0889  0.0034  0.051 1.569  ...   1 -1 
201802933 f_4b 256.77714  0.00017  3894.4277 0.0026 3.12 0.10 0.1097 0.0050 256.7771  0.0034  0.051 10.786 4.724 1 0 
201802933 f_4c 256.46629  0.00022  3899.1480 0.0034 2.41 0.10 0.1275 0.0065 256.4663  0.0033  0.050 6.426  4.720 1 1 
201802933 f_5a 397.3855   0.0023   2516.448  0.015  0.55 0.10 0.619  0.028  397.3854  0.0067  0.042 0.313  ...   1 -1? 
201802933 f_5b 396.6209   0.0019   2521.299  0.012  0.67 0.10 0.647  0.023  396.6209  0.0075  0.047 0.480  4.851 1 0? 
201802933 f_6a 123.24450  0.00022  8113.952  0.014  0.57 0.10 0.000  0.028  123.24453 0.00076 0.050 0.324  ...   1 -1 
201802933 f_6b 123.10663  0.00021  8123.040  0.014  0.59 0.10 0.000  0.027  123.10662 0.00067 0.044 0.358  4.544 1 1 

