#KIC/EPIC, ID, LLS.Per(s), LLS.Per_err, LLS.Freq(muHz), LLS.Freq_err, LLS.Amp(ppt), LLS.Amp_err, LLS.Phase(rad), LLS.Phase_err, Lor.Per, Lor.Per_err, Lor.HWHM(muHz), Lor.Power(ppt^2), Splitting(muHz), ell, m
220258806 f_1  251.65349  0.00012  3973.7179 0.0019 1.072 0.025 0.9056 0.0038 251.6535  0.0031  0.050 1.257 ...  ? ? 
220258806 f_2  314.56092  0.00020  3179.0345 0.0020 1.010 0.025 0.6759 0.0040 314.5611  0.0061  0.062 1.078 ...  ? ? 
220258806 f_3a 146.655883 0.000047 6818.6831 0.0022 0.934 0.025 0.4745 0.0043 146.6559  0.0011  0.050 0.946 ...  2 -2 
220258806 f_3b 146.49570  0.00016  6826.1388 0.0075 0.275 0.025 0.129  0.015  146.4957  0.0010  0.047 0.080 ...  2 -1 
220258806 f_3c 146.335982 0.000079 6833.5893 0.0037 0.556 0.025 0.9344 0.0073 146.3360  0.0011  0.049 0.330 7.45 2 0 
220258806 f_3d 146.176764 0.000079 6841.0325 0.0037 0.554 0.025 0.8408 0.0073 146.1768  0.0010  0.049 0.332 7.44 2 1 
220258806 f_3e 146.018014 0.000048 6848.4701 0.0023 0.910 0.025 0.5108 0.0044 146.0180  0.0011  0.051 0.897 7.44 2 2 
220258806 f_4a 197.03960  0.00017  5075.1221 0.0044 0.469 0.025 0.4209 0.0086 197.0396  0.0019  0.049 0.241 ...  1 -1 
220258806 f_4b 196.84092  0.00036  5080.2446 0.0093 0.222 0.025 0.156  0.018  196.8408  0.0019  0.048 0.056 5.12 1 0 
220258806 f_4c 196.642749 0.000086 5085.3642 0.0022 0.924 0.025 0.5842 0.0044 196.6427  0.0019  0.050 0.934 5.12 1 1 
220258806 f_5a 116.491899 0.000083 8584.2879 0.0061 0.339 0.025 0.931  0.012  116.49189 0.00067 0.050 0.128 ...  2 0? 
220258806 f_5b 116.38653  0.00010  8592.0597 0.0072 0.285 0.025 0.093  0.014  116.38651 0.00067 0.049 0.089 7.77 2 1? 
220258806 f_5c 116.281386 0.000051 8599.8287 0.0038 0.544 0.025 0.5142 0.0074 116.28139 0.00068 0.050 0.326 7.77 2 2? 
220258806 f_6  349.91470  0.00043  2857.8394 0.0035 0.591 0.025 0.6512 0.0068 349.913   0.012   0.096 0.379 ...  ? ? 
220258806 f_7a 169.03662  0.00050  5915.878  0.018  0.117 0.025 0.401  0.034  169.0367  0.0013  0.047 0.014 ...  2 1? 
220258806 f_7b 168.81632  0.00015  5923.5980 0.0051 0.403 0.025 0.839  0.010  168.8165  0.0014  0.051 0.176 7.72 2 2? 
220258806 f_8a 298.68783  0.00058  3347.9770 0.0064 0.320 0.025 0.092  0.013  298.6879  0.0042  0.047 0.112 ...  1 -1 
220258806 f_8b 298.26885  0.00096  3352.680  0.011  0.190 0.025 0.941  0.021  298.2676  0.0045  0.051 0.040 4.70 1 0 
220258806 f_8c 297.8462   0.0019   3357.437  0.021  0.098 0.025 0.900  0.041  297.8461  0.0041  0.046 0.010 4.76 1 1 
220258806 f_9  270.86926  0.00056  3691.8180 0.0076 0.272 0.025 0.541  0.015  270.8699  0.0036  0.049 0.080 ...  ? ? 
220258806 f_10 356.1436   0.0014   2807.856  0.011  0.193 0.025 0.895  0.021  356.1452  0.0061  0.048 0.041 ...  ? ? 
220258806 f_11 119.87761  0.00017  8341.841  0.012  0.172 0.025 0.853  0.024  119.87751 0.00069 0.048 0.031 ...  ? ? 

