#KIC/EPIC, ID, LLS.Per(s), LLS.Per_err, LLS.Freq(muHz), LLS.Freq_err, LLS.Amp(ppt), LLS.Amp_err, LLS.Phase(rad), LLS.Phase_err, Lor.Per, Lor.Per_err, Lor.HWHM(muHz), Lor.Power(ppt^2), Splitting(muHz), ell, m
220347759 f_1a 194.882106 0.000076 5131.3074 0.0020 3.107 0.076 0.6211 0.0039 194.8821  0.0019  0.050 10.554 ...   1 -1 
220347759 f_1b 194.68055  0.00012  5136.6199 0.0030 2.030 0.076 0.9044 0.0060 194.6806  0.0018  0.048 4.553  5.312 1 0 
220347759 f_1c 194.47957  0.00010  5141.9284 0.0026 2.404 0.076 0.9096 0.0050 194.4796  0.0019  0.051 6.273  5.309 1 1 
220347759 f_2a 253.92304  0.00014  3938.2012 0.0022 2.797 0.076 0.0913 0.0043 253.9230  0.0032  0.050 8.494  ...   1 -1 
220347759 f_2b 253.62365  0.00042  3942.8499 0.0065 0.956 0.076 0.678  0.013  253.6237  0.0032  0.049 1.037  4.649 1 0 
220347759 f_2c 253.32365  0.00021  3947.5194 0.0033 1.878 0.076 0.4705 0.0065 253.3237  0.0032  0.050 3.846  4.669 1 1 
220347759 f_3a 121.66414  0.00018  8219.349  0.012  0.500 0.076 0.472  0.024  121.66413 0.00071 0.048 0.270  ...   1 -1 
220347759 f_3b 121.59949  0.00014  8223.7187 0.0094 0.660 0.076 0.942  0.018  121.59949 0.00068 0.046 0.477  4.370 1 0 
220347759 f_3c 121.53469  0.00015  8228.103  0.010  0.610 0.076 0.337  0.020  121.53471 0.00069 0.047 0.398  4.385 1 1 
220347759 f_4  277.50421  0.00080  3603.549  0.010  0.596 0.076 0.070  0.020  277.5041  0.0040  0.053 0.372  ...   ? ? 
220347759 f_5  147.32531  0.00032  6787.700  0.015  0.413 0.076 0.421  0.029  147.3253  0.0012  0.057 0.179  ...   ? ? 

