#KIC/EPIC, ID, LLS.Per(s), LLS.Per_err, LLS.Freq(muHz), LLS.Freq_err, LLS.Amp(ppt), LLS.Amp_err, LLS.Phase(rad), LLS.Phase_err, Lor.Per, Lor.Per_err, Lor.HWHM(muHz), Lor.Power(ppt^2), Splitting(muHz), ell, m
201730811 f_1a      284.1795   0.0010   3518.902   0.012   0.258 0.039 0.244  0.024  284.1794 0.0037 0.045 0.070  ...    1   -1 
201730811 f_1b      279.44283  0.00011  3578.5495  0.0014  2.350 0.039 0.2704 0.0026 279.4428 0.0040 0.051 6.004  59.647 1   0 
201730811 f_1c      274.858389 0.000069 3638.23714 0.00092 3.477 0.039 0.4186 0.0018 274.8584 0.0038 0.051 13.172 59.688 1   1 
201730811 f_2       181.282893 0.000058 5516.2403  0.0018  1.817 0.039 0.0313 0.0034 181.2829 0.0016 0.050 3.581  ...    ?   ? 
201730811 f_3a      163.73672  0.00021  6107.3655  0.0079  0.405 0.039 0.377  0.015  163.7367 0.0013 0.048 0.177  ...    1   -1 
201730811 f_3b      162.231045 0.000068 6164.0483  0.0026  1.233 0.039 0.2952 0.0050 162.2310 0.0013 0.050 1.655  56.683 1   0 
201730811 f_3c      160.75189  0.00017  6220.7666  0.0065  0.492 0.039 0.989  0.012  160.7519 0.0013 0.050 0.261  56.718 1   1 
201730811 f_4a      351.10308  0.00052  2848.1664  0.0042  0.759 0.039 0.8722 0.0081 351.1031 0.0066 0.053 0.624  ...    1   -1 
201730811 f_4b      337.71169  0.00042  2961.1056  0.0036  0.876 0.039 0.6109 0.0070 337.7117 0.0059 0.052 0.824  56.470 1   1 
201730811 f_5       201.78210  0.00024  4955.8411  0.0059  0.543 0.039 0.209  0.011  201.7821 0.0020 0.050 0.318  ...    ?   ? 
201730811 f_3b-f_1c 395.9127   0.0013   2525.8096  0.0086  0.373 0.039 0.644  0.016  ...      ...    ...   ...    harm   ... ... 
201730811 f_5-f_4a  474.4547   0.0024   2107.683   0.011   0.296 0.039 0.580  0.021  ...      ...    ...   ...    harm   ... ... 

