#KIC/EPIC, ID, LLS.Per(s), LLS.Per_err, LLS.Freq(muHz), LLS.Freq_err, LLS.Amp(ppt), LLS.Amp_err, LLS.Phase(rad), LLS.Phase_err, Lor.Per, Lor.Per_err, Lor.HWHM(muHz), Lor.Power(ppt^2), Splitting(muHz), ell, m
11911480 f_1a      290.96749  0.00028  3436.8101  0.0033  2.73  0.12 0.1775 0.0070 290.9673 0.0049 0.058 7.184   ...    1   -1 
11911480 f_1b      290.802409 0.000056 3438.76106 0.00066 13.49 0.12 0.1273 0.0014 290.8024 0.0042 0.050 197.335 1.9510 1   0 
11911480 f_1c      290.63420  0.00017  3440.7513  0.0021  4.36  0.12 0.9556 0.0044 290.6344 0.0044 0.052 18.710  1.9903 1   1 
11911480 f_2a      259.37347  0.00010  3855.4444  0.0015  6.07  0.12 0.7134 0.0032 259.3735 0.0034 0.051 39.927  ...    1   -1 
11911480 f_2b      259.25349  0.00010  3857.2287  0.0015  6.17  0.12 0.6754 0.0031 259.2534 0.0034 0.051 41.419  1.7843 1   0 
11911480 f_2c      259.13413  0.00024  3859.0053  0.0035  2.56  0.12 0.7357 0.0075 259.1340 0.0039 0.058 7.236   1.7767 1   1 
11911480 f_3a      324.53048  0.00047  3081.3746  0.0045  1.99  0.12 0.669  0.010  324.5301 0.0052 0.050 4.170   ...    1   -1 
11911480 f_3b      324.31742  0.00053  3083.3990  0.0051  1.77  0.12 0.226  0.011  324.3177 0.0052 0.049 3.239   2.0244 1   0 
11911480 f_4       172.90152  0.00027  5783.6392  0.0091  0.98  0.12 0.791  0.020  172.9014 0.0017 0.056 1.027   ...    ?   ? 
11911480 f_5a      202.56897  0.00046  4936.590   0.011   0.80  0.12 0.857  0.024  202.5689 0.0021 0.051 0.674   ...    1   -1 
11911480 f_5b      202.48810  0.00065  4938.562   0.016   0.56  0.12 0.430  0.034  202.4880 0.0018 0.043 0.324   1.9718 1   0 
11911480 2f_1b     145.401158 0.000088 6877.5243  0.0042  2.14  0.12 0.1306 0.0090 ...      ...    ...   ...     harm   ... ... 
11911480 f_1b+f_2b 137.06151  0.00012  7295.9945  0.0064  1.40  0.12 0.645  0.014  ...      ...    ...   ...     harm   ... ... 
11911480 f_4-f_2a  519.0971   0.0030   1926.422   0.011   0.82  0.12 0.154  0.023  ...      ...    ...   ...     harm   ... ... 
11911480 f_4-f_1b  426.4560   0.0023   2344.908   0.013   0.70  0.12 0.423  0.027  ...      ...    ...   ...     harm   ... ... 
11911480 f_1b+f_1c 145.35951  0.00029  6879.495   0.014   0.65  0.12 0.992  0.030  ...      ...    ...   ...     harm   ... ... 
11911480 f_4-f_2b  518.6212   0.0043   1928.190   0.016   0.57  0.12 0.601  0.034  ...      ...    ...   ...     harm   ... ... 

